0 1 -1
0 2 -1
0 10 -1
0 16 -1
0 18 -1
0 38 1
1 8 -1
1 12 1
1 51 -1
1 53 1
1 59 -1
1 82 1
1 96 1
2 5 1
2 41 -1
2 84 1
2 91 -1
3 41 -1
3 63 -1
3 99 -1
4 22 1
4 61 -1
4 75 -1
4 91 1
5 38 -1
5 49 -1
5 88 1
5 90 1
6 41 -1
6 46 -1
6 65 -1
7 8 1
7 52 1
7 83 1
7 93 1
7 94 1
8 14 1
8 20 -1
8 30 1
8 83 -1
9 59 1
9 95 1
10 33 1
10 71 -1
10 88 -1
10 90 -1
11 13 1
11 15 -1
11 25 -1
11 94 1
12 32 1
13 35 1
13 73 1
14 71 -1
14 72 -1
14 77 -1
14 87 -1
15 71 -1
15 82 -1
17 30 1
17 46 -1
17 47 -1
17 58 1
17 75 1
17 79 1
18 86 -1
18 98 1
19 56 -1
19 98 1
20 28 1
20 29 1
20 46 -1
20 60 1
20 90 -1
21 71 1
21 78 -1
21 79 1
22 50 1
22 51 1
22 54 1
22 79 -1
22 82 1
23 28 1
23 35 -1
23 52 1
23 56 1
23 88 -1
24 41 1
25 30 1
25 39 -1
25 43 1
25 50 1
25 65 1
25 73 1
26 63 -1
26 84 -1
27 43 -1
27 59 -1
28 41 1
28 42 1
28 49 1
28 63 -1
28 75 1
28 79 1
28 90 1
29 49 1
30 37 1
30 62 1
30 89 1
30 94 -1
31 34 1
32 34 -1
32 87 1
32 89 -1
32 93 -1
33 41 1
33 42 -1
33 45 1
33 83 -1
34 37 1
34 52 1
34 54 1
34 69 1
34 81 1
35 44 -1
35 99 1
36 45 -1
36 68 1
36 97 1
36 98 1
38 50 -1
38 56 -1
39 76 -1
40 54 1
40 88 1
40 96 1
41 63 -1
41 65 1
42 98 1
43 77 1
44 51 1
44 56 1
44 91 1
44 98 -1
45 70 1
45 72 1
45 89 1
46 69 -1
46 86 -1
46 89 -1
46 96 -1
47 64 -1
47 82 -1
48 93 1
49 50 1
49 59 1
49 62 -1
49 68 1
50 72 1
52 87 -1
53 72 1
54 62 1
54 76 -1
54 78 1
54 87 1
55 60 -1
55 73 1
55 93 1
56 81 -1
57 61 1
57 67 -1
57 68 1
57 87 1
57 88 -1
57 91 1
57 93 1
58 59 1
58 75 1
60 72 1
60 75 -1
60 76 1
61 76 -1
61 83 -1
61 95 1
62 66 -1
63 70 1
63 75 -1
63 92 -1
65 72 1
65 91 1
67 88 -1
68 87 1
68 89 -1
69 89 1
71 84 -1
72 76 -1
72 83 -1
72 95 -1
74 93 1
75 76 -1
76 90 1
78 87 1
80 88 -1
81 90 1
83 88 1
84 88 -1
84 89 1
88 95 -1
91 93 -1
98 99 1
