0 4 1
0 15 1
0 19 -1
1 3 -1
1 11 1
1 12 -1
1 44 -1
2 3 1
2 29 -1
2 31 1
2 32 -1
2 40 1
2 48 1
3 5 1
3 12 -1
3 19 1
3 26 -1
3 28 -1
3 38 -1
4 31 1
4 43 -1
5 20 1
5 26 1
5 29 -1
6 18 -1
6 32 -1
6 37 1
7 33 -1
7 39 1
8 16 -1
8 31 -1
8 45 -1
9 14 1
9 15 -1
9 20 1
9 42 -1
9 43 -1
10 24 -1
10 31 -1
10 35 -1
11 17 -1
11 47 1
11 48 1
13 14 -1
13 17 -1
13 26 1
13 40 -1
15 16 -1
15 24 1
16 21 1
16 34 -1
17 26 1
18 49 -1
19 38 -1
19 47 1
20 37 -1
20 40 1
22 24 1
22 25 1
22 26 -1
22 27 -1
22 34 1
23 38 1
23 42 -1
23 46 1
24 45 -1
25 29 -1
25 30 -1
26 30 -1
26 36 -1
27 30 -1
28 34 1
28 45 1
29 32 1
29 44 -1
30 47 -1
31 48 -1
32 46 1
34 43 -1
34 48 -1
36 39 1
36 45 1
36 47 1
38 39 1
39 40 1
39 45 1
40 42 -1
43 49 -1
