0 5 1
0 12 1
0 17 1
0 21 1
0 23 1
0 28 1
1 4 -1
1 7 1
1 18 -1
1 24 1
2 4 -1
2 15 -1
2 16 -1
2 24 -1
2 29 1
3 7 1
3 16 -1
3 17 -1
3 21 1
3 22 -1
4 6 1
4 9 -1
4 12 -1
5 6 1
5 15 1
5 16 1
6 13 -1
6 17 -1
6 22 1
7 11 1
7 21 1
8 9 1
8 11 -1
8 13 -1
8 16 1
8 22 -1
8 25 1
9 24 1
10 12 -1
10 15 1
10 16 -1
11 17 1
11 18 1
11 22 -1
11 28 1
12 21 1
12 22 1
12 24 -1
13 23 -1
14 19 -1
14 27 -1
15 16 1
15 18 1
16 26 1
16 28 -1
17 20 1
18 19 -1
18 21 -1
18 24 1
18 28 1
19 23 1
20 29 1
21 25 1
21 27 1
22 26 1
23 27 1
24 29 -1
25 28 1
25 29 1
26 27 1
26 28 -1
