0 31 -1
1 6 -1
1 32 1
1 34 1
2 28 1
2 29 1
2 31 -1
2 44 -1
3 5 1
3 31 -1
3 43 -1
3 47 -1
4 6 1
4 49 -1
5 16 1
5 38 -1
5 43 1
5 46 1
6 16 -1
6 20 1
6 37 1
6 47 -1
7 17 1
7 22 -1
7 32 -1
7 33 1
7 48 1
7 49 -1
8 13 1
8 32 -1
8 33 -1
8 34 1
9 12 1
9 21 -1
9 28 -1
9 32 1
9 37 -1
9 40 -1
10 18 1
10 22 1
10 23 -1
10 29 -1
10 41 -1
10 43 1
11 13 1
11 20 1
12 47 -1
13 26 1
14 20 -1
14 22 1
14 37 1
14 47 -1
15 31 -1
16 18 1
16 20 1
16 41 1
17 25 1
18 31 -1
18 34 1
18 40 -1
19 24 -1
19 44 1
19 48 1
20 34 1
21 36 1
21 47 1
21 48 -1
22 30 -1
23 31 -1
24 40 1
24 45 -1
25 45 -1
26 37 -1
26 40 -1
27 41 1
28 42 1
29 43 -1
30 35 -1
30 40 1
31 36 1
33 47 1
37 47 1
38 40 1
38 45 -1
41 45 -1
41 49 1
42 49 -1
47 48 1
48 49 1
